_viz_ace_editor = nengo_gui.components.AceEditorTemplate()
_viz_net_graph = nengo_gui.components.NetGraphTemplate()
_viz_sim_control = nengo_gui.components.SimControlTemplate()
_viz_config[_viz_sim_control].kept_time = 4
_viz_config[_viz_sim_control].shown_time = 0.5
_viz_config[error].pos=(0.6232876712328768, 0.3026315789473684)
_viz_config[error].size=(0.0684931506849315, 0.06578947368421052)
_viz_config[inhib].pos=(0.10002652549989324, 0.10132109144700749)
_viz_config[inhib].size=(0.0547945205479452, 0.05263157894736842)
_viz_config[inp].pos=(0.08904109589041095, 0.6776315789473684)
_viz_config[inp].size=(0.0547945205479452, 0.05263157894736842)
_viz_config[model].pos=(0.5700483257824212, 0.4967567300432497)
_viz_config[model].size=(0.5516949519547909, 0.5516949519547909)
_viz_config[model].expanded=True
_viz_config[model].has_layout=True
_viz_config[post].pos=(0.8972602739726027, 0.4934210526315789)
_viz_config[post].size=(0.0684931506849315, 0.06578947368421052)
_viz_config[pre].pos=(0.34931506849315064, 0.8684210526315788)
_viz_config[pre].size=(0.0684931506849315, 0.06578947368421052)
_viz_config[prod_node].pos=(0.34931506849315064, 0.5005220742108148)
_viz_config[prod_node].size=(0.0547945205479452, 0.0663115478950256)