_viz_ace_editor = nengo_gui.components.AceEditorTemplate()
_viz_net_graph = nengo_gui.components.NetGraphTemplate()
_viz_sim_control = nengo_gui.components.SimControlTemplate()
_viz_config[_viz_sim_control].kept_time = 4
_viz_config[_viz_sim_control].shown_time = 0.5
_viz_config[cos].pos=(0.19696969696969696, 0.19565217391304346)
_viz_config[cos].size=(0.1212121212121212, 0.08695652173913043)
_viz_config[model].pos=(0.20207234106388638, 0.13908347235337404)
_viz_config[model].size=(0.8480943138283099, 0.8480943138283099)
_viz_config[model].expanded=True
_viz_config[model].has_layout=True
_viz_config[neurons].pos=(0.7727272727272727, 0.49999999999999994)
_viz_config[neurons].size=(0.15151515151515152, 0.10869565217391303)
_viz_config[sin].pos=(0.19696969696969696, 0.8043478260869565)
_viz_config[sin].size=(0.1212121212121212, 0.08695652173913043)