_viz_config[A].pos=(0.23605615754261636, 0.24590214094777613)
_viz_config[A].size=(0.1, 0.1)
_viz_config[B].pos=(0.2176602918824143, 0.6331537044013562)
_viz_config[B].size=(0.1, 0.1)
_viz_ace_editor = nengo_gui.components.AceEditorTemplate()
_viz_net_graph = nengo_gui.components.NetGraphTemplate()
_viz_sim_control = nengo_gui.components.SimControlTemplate()
_viz_config[_viz_sim_control].kept_time = 4
_viz_config[_viz_sim_control].shown_time = 0.5
_viz_config[combined].pos=(0.5636619246272253, 0.4455922095610465)
_viz_config[combined].size=(0.1, 0.1)
_viz_config[error].pos=(0.6193447359836924, 0.8552799383701072)
_viz_config[error].size=(0.1, 0.1)
_viz_config[inputA].pos=(-0.04752863733371087, 0.24296809194729557)
_viz_config[inputA].size=(0.1, 0.1)
_viz_config[inputB].pos=(-0.048134668245019704, 0.6319922409205243)
_viz_config[inputB].size=(0.1, 0.1)
_viz_config[model].pos=(0.1939864371188338, 0.1941283314884037)
_viz_config[model].size=(0.762018219304939, 0.762018219304939)
_viz_config[model].expanded=True
_viz_config[model].has_layout=True
_viz_config[prod].pos=(0.8746069099937114, 0.2461883770426109)
_viz_config[prod].size=(0.1, 0.1)
_viz_config[prod_learn].pos=(0.8831966395735259, 0.651464650114891)
_viz_config[prod_learn].size=(0.1, 0.1)